(1.08067e-23,0)
(-9.61328e-23,-6.79902e-23)
(-4.16951e-22,-1.3598e-22)
(-9.51649e-22,-2.03971e-22)
(-1.70023e-21,-2.71961e-22)
(-2.66268e-21,-3.39951e-22)
(-3.83902e-21,-4.07941e-22)
(-5.22923e-21,-4.75931e-22)
(-6.83332e-21,-5.43922e-22)
(-8.65129e-21,-6.11912e-22)
(-1.06831e-20,-6.79902e-22)
(-1.29289e-20,-7.47892e-22)
(-1.53885e-20,-8.15882e-22)
(-1.8062e-20,-8.83873e-22)
(-2.09493e-20,-9.51863e-22)
(-2.40506e-20,-1.01985e-21)
(-2.73657e-20,-1.08784e-21)
(-3.08947e-20,-1.15583e-21)
(-3.46376e-20,-1.22382e-21)
(-3.85944e-20,-1.29181e-21)
(-4.2765e-20,-1.3598e-21)
(-4.71495e-20,-1.42779e-21)
(-5.17479e-20,-1.49578e-21)
(-5.65602e-20,-1.56377e-21)
(-6.15863e-20,-1.63176e-21)
(-6.68264e-20,-1.69976e-21)
(-7.22803e-20,-1.76775e-21)
(-7.79481e-20,-1.83574e-21)
(-8.38298e-20,-1.90373e-21)
(-8.99253e-20,-1.97172e-21)
(-9.62347e-20,-2.03971e-21)
(-1.02758e-19,-2.1077e-21)
(-1.09495e-19,-2.17569e-21)
(-1.16446e-19,-2.24368e-21)
(-1.23611e-19,-2.31167e-21)
(-1.3099e-19,-2.37966e-21)
(-1.38583e-19,-2.44765e-21)
(-1.46389e-19,-2.51564e-21)
(-1.5441e-19,-2.58363e-21)
(-1.62644e-19,-2.65162e-21)
(-1.71092e-19,-2.71961e-21)
(-1.79754e-19,-2.7876e-21)
(-1.8863e-19,-2.85559e-21)
(-1.9772e-19,-2.92358e-21)
(-2.07024e-19,-2.99157e-21)
(-2.16542e-19,-3.05956e-21)
(-2.26273e-19,-3.12755e-21)
(-2.36219e-19,-3.19554e-21)
(-2.46378e-19,-3.26353e-21)
(-2.56751e-19,-3.33152e-21)
